{
 "cells": [
  {
   "cell_type": "code",
   "execution_count": 51,
   "id": "81c379ea",
   "metadata": {},
   "outputs": [],
   "source": [
    "from statsmodels.tsa import arima_process"
   ]
  },
  {
   "cell_type": "markdown",
   "id": "bfe4889e",
   "metadata": {},
   "source": [
    "# Generate tabular data for 2 EHRs"
   ]
  },
  {
   "cell_type": "code",
   "execution_count": 95,
   "id": "b5c81b6a",
   "metadata": {},
   "outputs": [],
   "source": [
    "import numpy as np\n",
    "from sklearn import datasets\n",
    "arparams = np.array([.75, -.25])\n",
    "maparams = np.array([.65, .35])\n",
    "ar = np.r_[1, -arparams] # add zero-lag and negate\n",
    "ma = np.r_[1, maparams] # add zero-lag\n",
    "mean = np.zeros(20)\n",
    "cov = datasets.make_spd_matrix(20) # 20 temporal generated features\n",
    "rand_gen = lambda size: np.random.multivariate_normal(mean, cov, size)\n"
   ]
  },
  {
   "cell_type": "code",
   "execution_count": 96,
   "id": "d36d282e",
   "metadata": {
    "scrolled": true
   },
   "outputs": [
    {
     "data": {
      "text/plain": [
       "(5000, 24, 20)"
      ]
     },
     "execution_count": 96,
     "metadata": {},
     "output_type": "execute_result"
    }
   ],
   "source": [
    "a = arima_process.arma_generate_sample(ar, ma, nsample=(5000,24), distrvs=rand_gen,  axis = 1) # 1000: num_of_patients, 24: time stamps(axis=1), 20: num_temporal_features\n",
    "a.shape"
   ]
  },
  {
   "cell_type": "markdown",
   "id": "3eff8cee",
   "metadata": {},
   "source": [
    "### check the correlation between different temporal featurs in generated data"
   ]
  },
  {
   "cell_type": "code",
   "execution_count": 106,
   "id": "a64d959f",
   "metadata": {
    "scrolled": true
   },
   "outputs": [
    {
     "data": {
      "text/html": [
       "<div>\n",
       "<style scoped>\n",
       "    .dataframe tbody tr th:only-of-type {\n",
       "        vertical-align: middle;\n",
       "    }\n",
       "\n",
       "    .dataframe tbody tr th {\n",
       "        vertical-align: top;\n",
       "    }\n",
       "\n",
       "    .dataframe thead th {\n",
       "        text-align: right;\n",
       "    }\n",
       "</style>\n",
       "<table border=\"1\" class=\"dataframe\">\n",
       "  <thead>\n",
       "    <tr style=\"text-align: right;\">\n",
       "      <th></th>\n",
       "      <th>f1</th>\n",
       "      <th>f2</th>\n",
       "      <th>f3</th>\n",
       "      <th>f4</th>\n",
       "      <th>f5</th>\n",
       "      <th>f6</th>\n",
       "      <th>f7</th>\n",
       "      <th>f8</th>\n",
       "      <th>f9</th>\n",
       "      <th>f10</th>\n",
       "      <th>f11</th>\n",
       "      <th>f12</th>\n",
       "      <th>f13</th>\n",
       "      <th>f14</th>\n",
       "      <th>f15</th>\n",
       "      <th>f16</th>\n",
       "      <th>f17</th>\n",
       "      <th>f18</th>\n",
       "      <th>f19</th>\n",
       "      <th>f20</th>\n",
       "    </tr>\n",
       "  </thead>\n",
       "  <tbody>\n",
       "    <tr>\n",
       "      <th>f1</th>\n",
       "      <td>1.000000</td>\n",
       "      <td>-0.071459</td>\n",
       "      <td>-0.840761</td>\n",
       "      <td>0.284104</td>\n",
       "      <td>0.160558</td>\n",
       "      <td>0.769081</td>\n",
       "      <td>0.838844</td>\n",
       "      <td>0.768579</td>\n",
       "      <td>-0.449020</td>\n",
       "      <td>0.746930</td>\n",
       "      <td>-0.724209</td>\n",
       "      <td>-0.477063</td>\n",
       "      <td>0.015967</td>\n",
       "      <td>0.249922</td>\n",
       "      <td>0.549163</td>\n",
       "      <td>0.151655</td>\n",
       "      <td>0.279929</td>\n",
       "      <td>0.625737</td>\n",
       "      <td>-0.582811</td>\n",
       "      <td>0.446423</td>\n",
       "    </tr>\n",
       "    <tr>\n",
       "      <th>f2</th>\n",
       "      <td>-0.071459</td>\n",
       "      <td>1.000000</td>\n",
       "      <td>0.080875</td>\n",
       "      <td>-0.095976</td>\n",
       "      <td>-0.026430</td>\n",
       "      <td>-0.052035</td>\n",
       "      <td>-0.051022</td>\n",
       "      <td>-0.081138</td>\n",
       "      <td>-0.034798</td>\n",
       "      <td>-0.098929</td>\n",
       "      <td>0.115145</td>\n",
       "      <td>-0.005238</td>\n",
       "      <td>0.034962</td>\n",
       "      <td>0.089624</td>\n",
       "      <td>-0.042059</td>\n",
       "      <td>-0.034910</td>\n",
       "      <td>-0.091870</td>\n",
       "      <td>0.078918</td>\n",
       "      <td>0.127870</td>\n",
       "      <td>0.003591</td>\n",
       "    </tr>\n",
       "    <tr>\n",
       "      <th>f3</th>\n",
       "      <td>-0.840761</td>\n",
       "      <td>0.080875</td>\n",
       "      <td>1.000000</td>\n",
       "      <td>-0.337445</td>\n",
       "      <td>-0.193266</td>\n",
       "      <td>-0.827493</td>\n",
       "      <td>-0.893651</td>\n",
       "      <td>-0.854118</td>\n",
       "      <td>0.453996</td>\n",
       "      <td>-0.819884</td>\n",
       "      <td>0.823802</td>\n",
       "      <td>0.540649</td>\n",
       "      <td>-0.001236</td>\n",
       "      <td>-0.153827</td>\n",
       "      <td>-0.563639</td>\n",
       "      <td>-0.161944</td>\n",
       "      <td>-0.286488</td>\n",
       "      <td>-0.674996</td>\n",
       "      <td>0.559339</td>\n",
       "      <td>-0.423428</td>\n",
       "    </tr>\n",
       "    <tr>\n",
       "      <th>f4</th>\n",
       "      <td>0.284104</td>\n",
       "      <td>-0.095976</td>\n",
       "      <td>-0.337445</td>\n",
       "      <td>1.000000</td>\n",
       "      <td>-0.030236</td>\n",
       "      <td>0.275174</td>\n",
       "      <td>0.378238</td>\n",
       "      <td>0.200733</td>\n",
       "      <td>-0.215622</td>\n",
       "      <td>0.250879</td>\n",
       "      <td>-0.261529</td>\n",
       "      <td>-0.162813</td>\n",
       "      <td>0.052124</td>\n",
       "      <td>0.134115</td>\n",
       "      <td>0.245285</td>\n",
       "      <td>-0.062890</td>\n",
       "      <td>0.292266</td>\n",
       "      <td>0.258200</td>\n",
       "      <td>-0.120239</td>\n",
       "      <td>0.362017</td>\n",
       "    </tr>\n",
       "    <tr>\n",
       "      <th>f5</th>\n",
       "      <td>0.160558</td>\n",
       "      <td>-0.026430</td>\n",
       "      <td>-0.193266</td>\n",
       "      <td>-0.030236</td>\n",
       "      <td>1.000000</td>\n",
       "      <td>0.125690</td>\n",
       "      <td>0.153252</td>\n",
       "      <td>0.209620</td>\n",
       "      <td>-0.133697</td>\n",
       "      <td>0.073468</td>\n",
       "      <td>-0.220078</td>\n",
       "      <td>-0.192996</td>\n",
       "      <td>-0.016814</td>\n",
       "      <td>0.166729</td>\n",
       "      <td>0.148563</td>\n",
       "      <td>0.232779</td>\n",
       "      <td>0.259560</td>\n",
       "      <td>0.348337</td>\n",
       "      <td>-0.142908</td>\n",
       "      <td>0.081790</td>\n",
       "    </tr>\n",
       "    <tr>\n",
       "      <th>f6</th>\n",
       "      <td>0.769081</td>\n",
       "      <td>-0.052035</td>\n",
       "      <td>-0.827493</td>\n",
       "      <td>0.275174</td>\n",
       "      <td>0.125690</td>\n",
       "      <td>1.000000</td>\n",
       "      <td>0.810795</td>\n",
       "      <td>0.756102</td>\n",
       "      <td>-0.378954</td>\n",
       "      <td>0.751237</td>\n",
       "      <td>-0.732235</td>\n",
       "      <td>-0.490705</td>\n",
       "      <td>-0.041097</td>\n",
       "      <td>0.257199</td>\n",
       "      <td>0.495326</td>\n",
       "      <td>0.104590</td>\n",
       "      <td>0.306189</td>\n",
       "      <td>0.565962</td>\n",
       "      <td>-0.504654</td>\n",
       "      <td>0.387987</td>\n",
       "    </tr>\n",
       "    <tr>\n",
       "      <th>f7</th>\n",
       "      <td>0.838844</td>\n",
       "      <td>-0.051022</td>\n",
       "      <td>-0.893651</td>\n",
       "      <td>0.378238</td>\n",
       "      <td>0.153252</td>\n",
       "      <td>0.810795</td>\n",
       "      <td>1.000000</td>\n",
       "      <td>0.802917</td>\n",
       "      <td>-0.435697</td>\n",
       "      <td>0.798442</td>\n",
       "      <td>-0.775492</td>\n",
       "      <td>-0.482962</td>\n",
       "      <td>0.032234</td>\n",
       "      <td>0.152488</td>\n",
       "      <td>0.565995</td>\n",
       "      <td>0.110466</td>\n",
       "      <td>0.293258</td>\n",
       "      <td>0.660115</td>\n",
       "      <td>-0.529226</td>\n",
       "      <td>0.383487</td>\n",
       "    </tr>\n",
       "    <tr>\n",
       "      <th>f8</th>\n",
       "      <td>0.768579</td>\n",
       "      <td>-0.081138</td>\n",
       "      <td>-0.854118</td>\n",
       "      <td>0.200733</td>\n",
       "      <td>0.209620</td>\n",
       "      <td>0.756102</td>\n",
       "      <td>0.802917</td>\n",
       "      <td>1.000000</td>\n",
       "      <td>-0.430436</td>\n",
       "      <td>0.751265</td>\n",
       "      <td>-0.740367</td>\n",
       "      <td>-0.441616</td>\n",
       "      <td>0.019059</td>\n",
       "      <td>0.245937</td>\n",
       "      <td>0.538342</td>\n",
       "      <td>0.167368</td>\n",
       "      <td>0.310219</td>\n",
       "      <td>0.606493</td>\n",
       "      <td>-0.528141</td>\n",
       "      <td>0.403062</td>\n",
       "    </tr>\n",
       "    <tr>\n",
       "      <th>f9</th>\n",
       "      <td>-0.449020</td>\n",
       "      <td>-0.034798</td>\n",
       "      <td>0.453996</td>\n",
       "      <td>-0.215622</td>\n",
       "      <td>-0.133697</td>\n",
       "      <td>-0.378954</td>\n",
       "      <td>-0.435697</td>\n",
       "      <td>-0.430436</td>\n",
       "      <td>1.000000</td>\n",
       "      <td>-0.403375</td>\n",
       "      <td>0.464310</td>\n",
       "      <td>0.247688</td>\n",
       "      <td>-0.052560</td>\n",
       "      <td>0.000010</td>\n",
       "      <td>-0.219190</td>\n",
       "      <td>-0.102341</td>\n",
       "      <td>-0.124605</td>\n",
       "      <td>-0.416585</td>\n",
       "      <td>0.363624</td>\n",
       "      <td>-0.070517</td>\n",
       "    </tr>\n",
       "    <tr>\n",
       "      <th>f10</th>\n",
       "      <td>0.746930</td>\n",
       "      <td>-0.098929</td>\n",
       "      <td>-0.819884</td>\n",
       "      <td>0.250879</td>\n",
       "      <td>0.073468</td>\n",
       "      <td>0.751237</td>\n",
       "      <td>0.798442</td>\n",
       "      <td>0.751265</td>\n",
       "      <td>-0.403375</td>\n",
       "      <td>1.000000</td>\n",
       "      <td>-0.700088</td>\n",
       "      <td>-0.431231</td>\n",
       "      <td>0.032791</td>\n",
       "      <td>0.234537</td>\n",
       "      <td>0.541279</td>\n",
       "      <td>0.164127</td>\n",
       "      <td>0.203847</td>\n",
       "      <td>0.591735</td>\n",
       "      <td>-0.463502</td>\n",
       "      <td>0.416626</td>\n",
       "    </tr>\n",
       "    <tr>\n",
       "      <th>f11</th>\n",
       "      <td>-0.724209</td>\n",
       "      <td>0.115145</td>\n",
       "      <td>0.823802</td>\n",
       "      <td>-0.261529</td>\n",
       "      <td>-0.220078</td>\n",
       "      <td>-0.732235</td>\n",
       "      <td>-0.775492</td>\n",
       "      <td>-0.740367</td>\n",
       "      <td>0.464310</td>\n",
       "      <td>-0.700088</td>\n",
       "      <td>1.000000</td>\n",
       "      <td>0.471906</td>\n",
       "      <td>-0.020090</td>\n",
       "      <td>-0.171573</td>\n",
       "      <td>-0.512938</td>\n",
       "      <td>-0.137409</td>\n",
       "      <td>-0.337627</td>\n",
       "      <td>-0.619235</td>\n",
       "      <td>0.519575</td>\n",
       "      <td>-0.425448</td>\n",
       "    </tr>\n",
       "    <tr>\n",
       "      <th>f12</th>\n",
       "      <td>-0.477063</td>\n",
       "      <td>-0.005238</td>\n",
       "      <td>0.540649</td>\n",
       "      <td>-0.162813</td>\n",
       "      <td>-0.192996</td>\n",
       "      <td>-0.490705</td>\n",
       "      <td>-0.482962</td>\n",
       "      <td>-0.441616</td>\n",
       "      <td>0.247688</td>\n",
       "      <td>-0.431231</td>\n",
       "      <td>0.471906</td>\n",
       "      <td>1.000000</td>\n",
       "      <td>0.053796</td>\n",
       "      <td>-0.164662</td>\n",
       "      <td>-0.221061</td>\n",
       "      <td>-0.042482</td>\n",
       "      <td>-0.142080</td>\n",
       "      <td>-0.418017</td>\n",
       "      <td>0.325950</td>\n",
       "      <td>-0.130849</td>\n",
       "    </tr>\n",
       "    <tr>\n",
       "      <th>f13</th>\n",
       "      <td>0.015967</td>\n",
       "      <td>0.034962</td>\n",
       "      <td>-0.001236</td>\n",
       "      <td>0.052124</td>\n",
       "      <td>-0.016814</td>\n",
       "      <td>-0.041097</td>\n",
       "      <td>0.032234</td>\n",
       "      <td>0.019059</td>\n",
       "      <td>-0.052560</td>\n",
       "      <td>0.032791</td>\n",
       "      <td>-0.020090</td>\n",
       "      <td>0.053796</td>\n",
       "      <td>1.000000</td>\n",
       "      <td>0.006585</td>\n",
       "      <td>0.042742</td>\n",
       "      <td>0.130347</td>\n",
       "      <td>-0.033867</td>\n",
       "      <td>-0.010092</td>\n",
       "      <td>0.010287</td>\n",
       "      <td>-0.006800</td>\n",
       "    </tr>\n",
       "    <tr>\n",
       "      <th>f14</th>\n",
       "      <td>0.249922</td>\n",
       "      <td>0.089624</td>\n",
       "      <td>-0.153827</td>\n",
       "      <td>0.134115</td>\n",
       "      <td>0.166729</td>\n",
       "      <td>0.257199</td>\n",
       "      <td>0.152488</td>\n",
       "      <td>0.245937</td>\n",
       "      <td>0.000010</td>\n",
       "      <td>0.234537</td>\n",
       "      <td>-0.171573</td>\n",
       "      <td>-0.164662</td>\n",
       "      <td>0.006585</td>\n",
       "      <td>1.000000</td>\n",
       "      <td>-0.029638</td>\n",
       "      <td>-0.083878</td>\n",
       "      <td>-0.080213</td>\n",
       "      <td>0.190110</td>\n",
       "      <td>-0.212887</td>\n",
       "      <td>0.040488</td>\n",
       "    </tr>\n",
       "    <tr>\n",
       "      <th>f15</th>\n",
       "      <td>0.549163</td>\n",
       "      <td>-0.042059</td>\n",
       "      <td>-0.563639</td>\n",
       "      <td>0.245285</td>\n",
       "      <td>0.148563</td>\n",
       "      <td>0.495326</td>\n",
       "      <td>0.565995</td>\n",
       "      <td>0.538342</td>\n",
       "      <td>-0.219190</td>\n",
       "      <td>0.541279</td>\n",
       "      <td>-0.512938</td>\n",
       "      <td>-0.221061</td>\n",
       "      <td>0.042742</td>\n",
       "      <td>-0.029638</td>\n",
       "      <td>1.000000</td>\n",
       "      <td>0.126629</td>\n",
       "      <td>0.204926</td>\n",
       "      <td>0.422457</td>\n",
       "      <td>-0.416249</td>\n",
       "      <td>0.322387</td>\n",
       "    </tr>\n",
       "    <tr>\n",
       "      <th>f16</th>\n",
       "      <td>0.151655</td>\n",
       "      <td>-0.034910</td>\n",
       "      <td>-0.161944</td>\n",
       "      <td>-0.062890</td>\n",
       "      <td>0.232779</td>\n",
       "      <td>0.104590</td>\n",
       "      <td>0.110466</td>\n",
       "      <td>0.167368</td>\n",
       "      <td>-0.102341</td>\n",
       "      <td>0.164127</td>\n",
       "      <td>-0.137409</td>\n",
       "      <td>-0.042482</td>\n",
       "      <td>0.130347</td>\n",
       "      <td>-0.083878</td>\n",
       "      <td>0.126629</td>\n",
       "      <td>1.000000</td>\n",
       "      <td>0.050745</td>\n",
       "      <td>0.072949</td>\n",
       "      <td>0.003783</td>\n",
       "      <td>0.050052</td>\n",
       "    </tr>\n",
       "    <tr>\n",
       "      <th>f17</th>\n",
       "      <td>0.279929</td>\n",
       "      <td>-0.091870</td>\n",
       "      <td>-0.286488</td>\n",
       "      <td>0.292266</td>\n",
       "      <td>0.259560</td>\n",
       "      <td>0.306189</td>\n",
       "      <td>0.293258</td>\n",
       "      <td>0.310219</td>\n",
       "      <td>-0.124605</td>\n",
       "      <td>0.203847</td>\n",
       "      <td>-0.337627</td>\n",
       "      <td>-0.142080</td>\n",
       "      <td>-0.033867</td>\n",
       "      <td>-0.080213</td>\n",
       "      <td>0.204926</td>\n",
       "      <td>0.050745</td>\n",
       "      <td>1.000000</td>\n",
       "      <td>0.189043</td>\n",
       "      <td>-0.130213</td>\n",
       "      <td>0.093101</td>\n",
       "    </tr>\n",
       "    <tr>\n",
       "      <th>f18</th>\n",
       "      <td>0.625737</td>\n",
       "      <td>0.078918</td>\n",
       "      <td>-0.674996</td>\n",
       "      <td>0.258200</td>\n",
       "      <td>0.348337</td>\n",
       "      <td>0.565962</td>\n",
       "      <td>0.660115</td>\n",
       "      <td>0.606493</td>\n",
       "      <td>-0.416585</td>\n",
       "      <td>0.591735</td>\n",
       "      <td>-0.619235</td>\n",
       "      <td>-0.418017</td>\n",
       "      <td>-0.010092</td>\n",
       "      <td>0.190110</td>\n",
       "      <td>0.422457</td>\n",
       "      <td>0.072949</td>\n",
       "      <td>0.189043</td>\n",
       "      <td>1.000000</td>\n",
       "      <td>-0.344475</td>\n",
       "      <td>0.314782</td>\n",
       "    </tr>\n",
       "    <tr>\n",
       "      <th>f19</th>\n",
       "      <td>-0.582811</td>\n",
       "      <td>0.127870</td>\n",
       "      <td>0.559339</td>\n",
       "      <td>-0.120239</td>\n",
       "      <td>-0.142908</td>\n",
       "      <td>-0.504654</td>\n",
       "      <td>-0.529226</td>\n",
       "      <td>-0.528141</td>\n",
       "      <td>0.363624</td>\n",
       "      <td>-0.463502</td>\n",
       "      <td>0.519575</td>\n",
       "      <td>0.325950</td>\n",
       "      <td>0.010287</td>\n",
       "      <td>-0.212887</td>\n",
       "      <td>-0.416249</td>\n",
       "      <td>0.003783</td>\n",
       "      <td>-0.130213</td>\n",
       "      <td>-0.344475</td>\n",
       "      <td>1.000000</td>\n",
       "      <td>-0.304374</td>\n",
       "    </tr>\n",
       "    <tr>\n",
       "      <th>f20</th>\n",
       "      <td>0.446423</td>\n",
       "      <td>0.003591</td>\n",
       "      <td>-0.423428</td>\n",
       "      <td>0.362017</td>\n",
       "      <td>0.081790</td>\n",
       "      <td>0.387987</td>\n",
       "      <td>0.383487</td>\n",
       "      <td>0.403062</td>\n",
       "      <td>-0.070517</td>\n",
       "      <td>0.416626</td>\n",
       "      <td>-0.425448</td>\n",
       "      <td>-0.130849</td>\n",
       "      <td>-0.006800</td>\n",
       "      <td>0.040488</td>\n",
       "      <td>0.322387</td>\n",
       "      <td>0.050052</td>\n",
       "      <td>0.093101</td>\n",
       "      <td>0.314782</td>\n",
       "      <td>-0.304374</td>\n",
       "      <td>1.000000</td>\n",
       "    </tr>\n",
       "  </tbody>\n",
       "</table>\n",
       "</div>"
      ],
      "text/plain": [
       "           f1        f2        f3        f4        f5        f6        f7  \\\n",
       "f1   1.000000 -0.071459 -0.840761  0.284104  0.160558  0.769081  0.838844   \n",
       "f2  -0.071459  1.000000  0.080875 -0.095976 -0.026430 -0.052035 -0.051022   \n",
       "f3  -0.840761  0.080875  1.000000 -0.337445 -0.193266 -0.827493 -0.893651   \n",
       "f4   0.284104 -0.095976 -0.337445  1.000000 -0.030236  0.275174  0.378238   \n",
       "f5   0.160558 -0.026430 -0.193266 -0.030236  1.000000  0.125690  0.153252   \n",
       "f6   0.769081 -0.052035 -0.827493  0.275174  0.125690  1.000000  0.810795   \n",
       "f7   0.838844 -0.051022 -0.893651  0.378238  0.153252  0.810795  1.000000   \n",
       "f8   0.768579 -0.081138 -0.854118  0.200733  0.209620  0.756102  0.802917   \n",
       "f9  -0.449020 -0.034798  0.453996 -0.215622 -0.133697 -0.378954 -0.435697   \n",
       "f10  0.746930 -0.098929 -0.819884  0.250879  0.073468  0.751237  0.798442   \n",
       "f11 -0.724209  0.115145  0.823802 -0.261529 -0.220078 -0.732235 -0.775492   \n",
       "f12 -0.477063 -0.005238  0.540649 -0.162813 -0.192996 -0.490705 -0.482962   \n",
       "f13  0.015967  0.034962 -0.001236  0.052124 -0.016814 -0.041097  0.032234   \n",
       "f14  0.249922  0.089624 -0.153827  0.134115  0.166729  0.257199  0.152488   \n",
       "f15  0.549163 -0.042059 -0.563639  0.245285  0.148563  0.495326  0.565995   \n",
       "f16  0.151655 -0.034910 -0.161944 -0.062890  0.232779  0.104590  0.110466   \n",
       "f17  0.279929 -0.091870 -0.286488  0.292266  0.259560  0.306189  0.293258   \n",
       "f18  0.625737  0.078918 -0.674996  0.258200  0.348337  0.565962  0.660115   \n",
       "f19 -0.582811  0.127870  0.559339 -0.120239 -0.142908 -0.504654 -0.529226   \n",
       "f20  0.446423  0.003591 -0.423428  0.362017  0.081790  0.387987  0.383487   \n",
       "\n",
       "           f8        f9       f10       f11       f12       f13       f14  \\\n",
       "f1   0.768579 -0.449020  0.746930 -0.724209 -0.477063  0.015967  0.249922   \n",
       "f2  -0.081138 -0.034798 -0.098929  0.115145 -0.005238  0.034962  0.089624   \n",
       "f3  -0.854118  0.453996 -0.819884  0.823802  0.540649 -0.001236 -0.153827   \n",
       "f4   0.200733 -0.215622  0.250879 -0.261529 -0.162813  0.052124  0.134115   \n",
       "f5   0.209620 -0.133697  0.073468 -0.220078 -0.192996 -0.016814  0.166729   \n",
       "f6   0.756102 -0.378954  0.751237 -0.732235 -0.490705 -0.041097  0.257199   \n",
       "f7   0.802917 -0.435697  0.798442 -0.775492 -0.482962  0.032234  0.152488   \n",
       "f8   1.000000 -0.430436  0.751265 -0.740367 -0.441616  0.019059  0.245937   \n",
       "f9  -0.430436  1.000000 -0.403375  0.464310  0.247688 -0.052560  0.000010   \n",
       "f10  0.751265 -0.403375  1.000000 -0.700088 -0.431231  0.032791  0.234537   \n",
       "f11 -0.740367  0.464310 -0.700088  1.000000  0.471906 -0.020090 -0.171573   \n",
       "f12 -0.441616  0.247688 -0.431231  0.471906  1.000000  0.053796 -0.164662   \n",
       "f13  0.019059 -0.052560  0.032791 -0.020090  0.053796  1.000000  0.006585   \n",
       "f14  0.245937  0.000010  0.234537 -0.171573 -0.164662  0.006585  1.000000   \n",
       "f15  0.538342 -0.219190  0.541279 -0.512938 -0.221061  0.042742 -0.029638   \n",
       "f16  0.167368 -0.102341  0.164127 -0.137409 -0.042482  0.130347 -0.083878   \n",
       "f17  0.310219 -0.124605  0.203847 -0.337627 -0.142080 -0.033867 -0.080213   \n",
       "f18  0.606493 -0.416585  0.591735 -0.619235 -0.418017 -0.010092  0.190110   \n",
       "f19 -0.528141  0.363624 -0.463502  0.519575  0.325950  0.010287 -0.212887   \n",
       "f20  0.403062 -0.070517  0.416626 -0.425448 -0.130849 -0.006800  0.040488   \n",
       "\n",
       "          f15       f16       f17       f18       f19       f20  \n",
       "f1   0.549163  0.151655  0.279929  0.625737 -0.582811  0.446423  \n",
       "f2  -0.042059 -0.034910 -0.091870  0.078918  0.127870  0.003591  \n",
       "f3  -0.563639 -0.161944 -0.286488 -0.674996  0.559339 -0.423428  \n",
       "f4   0.245285 -0.062890  0.292266  0.258200 -0.120239  0.362017  \n",
       "f5   0.148563  0.232779  0.259560  0.348337 -0.142908  0.081790  \n",
       "f6   0.495326  0.104590  0.306189  0.565962 -0.504654  0.387987  \n",
       "f7   0.565995  0.110466  0.293258  0.660115 -0.529226  0.383487  \n",
       "f8   0.538342  0.167368  0.310219  0.606493 -0.528141  0.403062  \n",
       "f9  -0.219190 -0.102341 -0.124605 -0.416585  0.363624 -0.070517  \n",
       "f10  0.541279  0.164127  0.203847  0.591735 -0.463502  0.416626  \n",
       "f11 -0.512938 -0.137409 -0.337627 -0.619235  0.519575 -0.425448  \n",
       "f12 -0.221061 -0.042482 -0.142080 -0.418017  0.325950 -0.130849  \n",
       "f13  0.042742  0.130347 -0.033867 -0.010092  0.010287 -0.006800  \n",
       "f14 -0.029638 -0.083878 -0.080213  0.190110 -0.212887  0.040488  \n",
       "f15  1.000000  0.126629  0.204926  0.422457 -0.416249  0.322387  \n",
       "f16  0.126629  1.000000  0.050745  0.072949  0.003783  0.050052  \n",
       "f17  0.204926  0.050745  1.000000  0.189043 -0.130213  0.093101  \n",
       "f18  0.422457  0.072949  0.189043  1.000000 -0.344475  0.314782  \n",
       "f19 -0.416249  0.003783 -0.130213 -0.344475  1.000000 -0.304374  \n",
       "f20  0.322387  0.050052  0.093101  0.314782 -0.304374  1.000000  "
      ]
     },
     "execution_count": 106,
     "metadata": {},
     "output_type": "execute_result"
    }
   ],
   "source": [
    "reshape_a = a.reshape([-1, 20])\n",
    "reshape_a_df = pd.DataFrame(reshape_a, columns=[\"f\"+ str(i) for i in range(1, 21)])\n",
    "reshape_a_df.corr()"
   ]
  },
  {
   "cell_type": "markdown",
   "id": "6d6634ff",
   "metadata": {},
   "source": [
    "# Devide a(including 2 EHR's generated temporal data) into 2 EHR data"
   ]
  },
  {
   "cell_type": "code",
   "execution_count": 101,
   "id": "53411203",
   "metadata": {},
   "outputs": [
    {
     "name": "stdout",
     "output_type": "stream",
     "text": [
      "(2500, 24, 20)\n",
      "(2500, 24, 20)\n"
     ]
    }
   ],
   "source": [
    "gen_EHR1 = np.split(a, 2, axis=0)[0]\n",
    "gen_EHR2 = np.split(a, 2, axis=0)[1]\n",
    "print(gen_EHR1.shape)\n",
    "print(gen_EHR2.shape)"
   ]
  },
  {
   "cell_type": "code",
   "execution_count": 103,
   "id": "dc3063e6",
   "metadata": {
    "scrolled": true
   },
   "outputs": [
    {
     "data": {
      "text/html": [
       "<div>\n",
       "<style scoped>\n",
       "    .dataframe tbody tr th:only-of-type {\n",
       "        vertical-align: middle;\n",
       "    }\n",
       "\n",
       "    .dataframe tbody tr th {\n",
       "        vertical-align: top;\n",
       "    }\n",
       "\n",
       "    .dataframe thead th {\n",
       "        text-align: right;\n",
       "    }\n",
       "</style>\n",
       "<table border=\"1\" class=\"dataframe\">\n",
       "  <thead>\n",
       "    <tr style=\"text-align: right;\">\n",
       "      <th></th>\n",
       "      <th>f1_1</th>\n",
       "      <th>f2_1</th>\n",
       "      <th>f3_1</th>\n",
       "      <th>f4_1</th>\n",
       "      <th>f5_1</th>\n",
       "      <th>f6_1</th>\n",
       "      <th>f7_1</th>\n",
       "      <th>f8_1</th>\n",
       "      <th>f9_1</th>\n",
       "      <th>f10_1</th>\n",
       "      <th>f11_1</th>\n",
       "      <th>f12_1</th>\n",
       "      <th>f13_1</th>\n",
       "      <th>f14_1</th>\n",
       "      <th>f15_1</th>\n",
       "      <th>f16_1</th>\n",
       "      <th>f17_1</th>\n",
       "      <th>f18_1</th>\n",
       "      <th>f19_1</th>\n",
       "      <th>f20_1</th>\n",
       "    </tr>\n",
       "  </thead>\n",
       "  <tbody>\n",
       "    <tr>\n",
       "      <th>0</th>\n",
       "      <td>1.696794</td>\n",
       "      <td>-0.621645</td>\n",
       "      <td>-2.350322</td>\n",
       "      <td>0.857568</td>\n",
       "      <td>0.183480</td>\n",
       "      <td>0.929362</td>\n",
       "      <td>1.662710</td>\n",
       "      <td>3.002824</td>\n",
       "      <td>-0.952821</td>\n",
       "      <td>0.780778</td>\n",
       "      <td>-2.149981</td>\n",
       "      <td>-0.096125</td>\n",
       "      <td>0.686564</td>\n",
       "      <td>0.932175</td>\n",
       "      <td>1.035598</td>\n",
       "      <td>0.100794</td>\n",
       "      <td>0.472664</td>\n",
       "      <td>0.961984</td>\n",
       "      <td>-1.581007</td>\n",
       "      <td>0.418345</td>\n",
       "    </tr>\n",
       "    <tr>\n",
       "      <th>1</th>\n",
       "      <td>4.490176</td>\n",
       "      <td>-1.369651</td>\n",
       "      <td>-6.381362</td>\n",
       "      <td>2.446793</td>\n",
       "      <td>0.648104</td>\n",
       "      <td>5.127069</td>\n",
       "      <td>3.632748</td>\n",
       "      <td>6.645584</td>\n",
       "      <td>-1.694836</td>\n",
       "      <td>1.961207</td>\n",
       "      <td>-5.393690</td>\n",
       "      <td>-1.725572</td>\n",
       "      <td>1.115977</td>\n",
       "      <td>2.599284</td>\n",
       "      <td>1.849126</td>\n",
       "      <td>0.149453</td>\n",
       "      <td>1.651858</td>\n",
       "      <td>2.380088</td>\n",
       "      <td>-2.989520</td>\n",
       "      <td>1.523643</td>\n",
       "    </tr>\n",
       "    <tr>\n",
       "      <th>2</th>\n",
       "      <td>6.195791</td>\n",
       "      <td>-1.803062</td>\n",
       "      <td>-8.885239</td>\n",
       "      <td>1.678346</td>\n",
       "      <td>1.484633</td>\n",
       "      <td>7.669556</td>\n",
       "      <td>5.218378</td>\n",
       "      <td>9.897765</td>\n",
       "      <td>-2.370407</td>\n",
       "      <td>2.332558</td>\n",
       "      <td>-7.979431</td>\n",
       "      <td>-2.123378</td>\n",
       "      <td>1.262524</td>\n",
       "      <td>3.922189</td>\n",
       "      <td>2.477547</td>\n",
       "      <td>1.246901</td>\n",
       "      <td>1.795737</td>\n",
       "      <td>2.639566</td>\n",
       "      <td>-4.948484</td>\n",
       "      <td>1.801274</td>\n",
       "    </tr>\n",
       "    <tr>\n",
       "      <th>3</th>\n",
       "      <td>5.943051</td>\n",
       "      <td>0.117324</td>\n",
       "      <td>-11.007327</td>\n",
       "      <td>0.045042</td>\n",
       "      <td>2.026570</td>\n",
       "      <td>7.370177</td>\n",
       "      <td>6.339163</td>\n",
       "      <td>11.226333</td>\n",
       "      <td>-2.778230</td>\n",
       "      <td>3.804610</td>\n",
       "      <td>-8.785526</td>\n",
       "      <td>-1.515712</td>\n",
       "      <td>0.418063</td>\n",
       "      <td>2.784484</td>\n",
       "      <td>2.132019</td>\n",
       "      <td>1.920771</td>\n",
       "      <td>1.803917</td>\n",
       "      <td>2.866873</td>\n",
       "      <td>-4.924506</td>\n",
       "      <td>1.716181</td>\n",
       "    </tr>\n",
       "    <tr>\n",
       "      <th>4</th>\n",
       "      <td>1.792690</td>\n",
       "      <td>2.802358</td>\n",
       "      <td>-5.212722</td>\n",
       "      <td>-1.270905</td>\n",
       "      <td>0.897933</td>\n",
       "      <td>4.450223</td>\n",
       "      <td>2.796456</td>\n",
       "      <td>7.543190</td>\n",
       "      <td>-1.245164</td>\n",
       "      <td>1.265860</td>\n",
       "      <td>-4.883092</td>\n",
       "      <td>-0.436753</td>\n",
       "      <td>-0.691122</td>\n",
       "      <td>2.223674</td>\n",
       "      <td>-0.473904</td>\n",
       "      <td>0.735597</td>\n",
       "      <td>1.970611</td>\n",
       "      <td>0.547733</td>\n",
       "      <td>-3.001847</td>\n",
       "      <td>0.299120</td>\n",
       "    </tr>\n",
       "  </tbody>\n",
       "</table>\n",
       "</div>"
      ],
      "text/plain": [
       "       f1_1      f2_1       f3_1      f4_1      f5_1      f6_1      f7_1  \\\n",
       "0  1.696794 -0.621645  -2.350322  0.857568  0.183480  0.929362  1.662710   \n",
       "1  4.490176 -1.369651  -6.381362  2.446793  0.648104  5.127069  3.632748   \n",
       "2  6.195791 -1.803062  -8.885239  1.678346  1.484633  7.669556  5.218378   \n",
       "3  5.943051  0.117324 -11.007327  0.045042  2.026570  7.370177  6.339163   \n",
       "4  1.792690  2.802358  -5.212722 -1.270905  0.897933  4.450223  2.796456   \n",
       "\n",
       "        f8_1      f9_1     f10_1     f11_1     f12_1     f13_1     f14_1  \\\n",
       "0   3.002824 -0.952821  0.780778 -2.149981 -0.096125  0.686564  0.932175   \n",
       "1   6.645584 -1.694836  1.961207 -5.393690 -1.725572  1.115977  2.599284   \n",
       "2   9.897765 -2.370407  2.332558 -7.979431 -2.123378  1.262524  3.922189   \n",
       "3  11.226333 -2.778230  3.804610 -8.785526 -1.515712  0.418063  2.784484   \n",
       "4   7.543190 -1.245164  1.265860 -4.883092 -0.436753 -0.691122  2.223674   \n",
       "\n",
       "      f15_1     f16_1     f17_1     f18_1     f19_1     f20_1  \n",
       "0  1.035598  0.100794  0.472664  0.961984 -1.581007  0.418345  \n",
       "1  1.849126  0.149453  1.651858  2.380088 -2.989520  1.523643  \n",
       "2  2.477547  1.246901  1.795737  2.639566 -4.948484  1.801274  \n",
       "3  2.132019  1.920771  1.803917  2.866873 -4.924506  1.716181  \n",
       "4 -0.473904  0.735597  1.970611  0.547733 -3.001847  0.299120  "
      ]
     },
     "execution_count": 103,
     "metadata": {},
     "output_type": "execute_result"
    }
   ],
   "source": [
    "import pandas as pd\n",
    "gen_EHR1_data = gen_EHR1.reshape([-1, 20])\n",
    "gen_EHR1_df = pd.DataFrame(gen_EHR1_data, columns=[\"f\"+ str(i) + \"_1\" for i in range(1, 21)])\n",
    "gen_EHR1_df.head()"
   ]
  },
  {
   "cell_type": "code",
   "execution_count": 104,
   "id": "87544904",
   "metadata": {
    "scrolled": true
   },
   "outputs": [
    {
     "data": {
      "text/html": [
       "<div>\n",
       "<style scoped>\n",
       "    .dataframe tbody tr th:only-of-type {\n",
       "        vertical-align: middle;\n",
       "    }\n",
       "\n",
       "    .dataframe tbody tr th {\n",
       "        vertical-align: top;\n",
       "    }\n",
       "\n",
       "    .dataframe thead th {\n",
       "        text-align: right;\n",
       "    }\n",
       "</style>\n",
       "<table border=\"1\" class=\"dataframe\">\n",
       "  <thead>\n",
       "    <tr style=\"text-align: right;\">\n",
       "      <th></th>\n",
       "      <th>f1_2</th>\n",
       "      <th>f2_2</th>\n",
       "      <th>f3_2</th>\n",
       "      <th>f4_2</th>\n",
       "      <th>f5_2</th>\n",
       "      <th>f6_2</th>\n",
       "      <th>f7_2</th>\n",
       "      <th>f8_2</th>\n",
       "      <th>f9_2</th>\n",
       "      <th>f10_2</th>\n",
       "      <th>f11_2</th>\n",
       "      <th>f12_2</th>\n",
       "      <th>f13_2</th>\n",
       "      <th>f14_2</th>\n",
       "      <th>f15_2</th>\n",
       "      <th>f16_2</th>\n",
       "      <th>f17_2</th>\n",
       "      <th>f18_2</th>\n",
       "      <th>f19_2</th>\n",
       "      <th>f20_2</th>\n",
       "    </tr>\n",
       "  </thead>\n",
       "  <tbody>\n",
       "    <tr>\n",
       "      <th>0</th>\n",
       "      <td>1.002464</td>\n",
       "      <td>-0.054770</td>\n",
       "      <td>-1.607723</td>\n",
       "      <td>0.413153</td>\n",
       "      <td>0.526490</td>\n",
       "      <td>1.489252</td>\n",
       "      <td>1.521181</td>\n",
       "      <td>2.285389</td>\n",
       "      <td>-0.143866</td>\n",
       "      <td>0.684882</td>\n",
       "      <td>-0.165420</td>\n",
       "      <td>-1.214374</td>\n",
       "      <td>-0.688339</td>\n",
       "      <td>0.521133</td>\n",
       "      <td>0.808553</td>\n",
       "      <td>-0.041809</td>\n",
       "      <td>1.093870</td>\n",
       "      <td>0.877329</td>\n",
       "      <td>-0.620618</td>\n",
       "      <td>-0.054487</td>\n",
       "    </tr>\n",
       "    <tr>\n",
       "      <th>1</th>\n",
       "      <td>-0.208255</td>\n",
       "      <td>-0.430312</td>\n",
       "      <td>3.542310</td>\n",
       "      <td>0.273496</td>\n",
       "      <td>0.523185</td>\n",
       "      <td>-0.765867</td>\n",
       "      <td>-0.662414</td>\n",
       "      <td>0.200160</td>\n",
       "      <td>0.744647</td>\n",
       "      <td>-1.527514</td>\n",
       "      <td>1.369378</td>\n",
       "      <td>0.211199</td>\n",
       "      <td>-0.147486</td>\n",
       "      <td>0.807507</td>\n",
       "      <td>1.403259</td>\n",
       "      <td>-0.234272</td>\n",
       "      <td>0.872294</td>\n",
       "      <td>1.721680</td>\n",
       "      <td>0.033095</td>\n",
       "      <td>-0.622928</td>\n",
       "    </tr>\n",
       "    <tr>\n",
       "      <th>2</th>\n",
       "      <td>-3.177253</td>\n",
       "      <td>-0.359707</td>\n",
       "      <td>7.928680</td>\n",
       "      <td>0.673136</td>\n",
       "      <td>-0.539660</td>\n",
       "      <td>-3.756303</td>\n",
       "      <td>-4.087978</td>\n",
       "      <td>-3.529958</td>\n",
       "      <td>1.122243</td>\n",
       "      <td>-3.310383</td>\n",
       "      <td>3.237390</td>\n",
       "      <td>-0.085167</td>\n",
       "      <td>0.776517</td>\n",
       "      <td>0.467750</td>\n",
       "      <td>0.083743</td>\n",
       "      <td>-1.228359</td>\n",
       "      <td>-0.516528</td>\n",
       "      <td>1.130163</td>\n",
       "      <td>-0.203887</td>\n",
       "      <td>-1.435108</td>\n",
       "    </tr>\n",
       "    <tr>\n",
       "      <th>3</th>\n",
       "      <td>-3.293687</td>\n",
       "      <td>-0.708697</td>\n",
       "      <td>6.471826</td>\n",
       "      <td>0.595019</td>\n",
       "      <td>-2.137115</td>\n",
       "      <td>-3.336020</td>\n",
       "      <td>-4.684949</td>\n",
       "      <td>-3.263632</td>\n",
       "      <td>0.826688</td>\n",
       "      <td>-2.074722</td>\n",
       "      <td>2.497054</td>\n",
       "      <td>-0.328677</td>\n",
       "      <td>0.990452</td>\n",
       "      <td>-1.102489</td>\n",
       "      <td>-0.089151</td>\n",
       "      <td>-1.027206</td>\n",
       "      <td>-0.365526</td>\n",
       "      <td>-0.693162</td>\n",
       "      <td>-0.260947</td>\n",
       "      <td>-1.541318</td>\n",
       "    </tr>\n",
       "    <tr>\n",
       "      <th>4</th>\n",
       "      <td>0.941395</td>\n",
       "      <td>-1.305723</td>\n",
       "      <td>3.126918</td>\n",
       "      <td>-0.427142</td>\n",
       "      <td>-2.480852</td>\n",
       "      <td>-1.420847</td>\n",
       "      <td>-1.940401</td>\n",
       "      <td>-0.606107</td>\n",
       "      <td>0.014554</td>\n",
       "      <td>-0.040872</td>\n",
       "      <td>-0.000081</td>\n",
       "      <td>-0.648343</td>\n",
       "      <td>1.572000</td>\n",
       "      <td>-1.456013</td>\n",
       "      <td>-0.253852</td>\n",
       "      <td>-0.748870</td>\n",
       "      <td>0.261801</td>\n",
       "      <td>-1.558701</td>\n",
       "      <td>-0.346978</td>\n",
       "      <td>-1.986704</td>\n",
       "    </tr>\n",
       "  </tbody>\n",
       "</table>\n",
       "</div>"
      ],
      "text/plain": [
       "       f1_2      f2_2      f3_2      f4_2      f5_2      f6_2      f7_2  \\\n",
       "0  1.002464 -0.054770 -1.607723  0.413153  0.526490  1.489252  1.521181   \n",
       "1 -0.208255 -0.430312  3.542310  0.273496  0.523185 -0.765867 -0.662414   \n",
       "2 -3.177253 -0.359707  7.928680  0.673136 -0.539660 -3.756303 -4.087978   \n",
       "3 -3.293687 -0.708697  6.471826  0.595019 -2.137115 -3.336020 -4.684949   \n",
       "4  0.941395 -1.305723  3.126918 -0.427142 -2.480852 -1.420847 -1.940401   \n",
       "\n",
       "       f8_2      f9_2     f10_2     f11_2     f12_2     f13_2     f14_2  \\\n",
       "0  2.285389 -0.143866  0.684882 -0.165420 -1.214374 -0.688339  0.521133   \n",
       "1  0.200160  0.744647 -1.527514  1.369378  0.211199 -0.147486  0.807507   \n",
       "2 -3.529958  1.122243 -3.310383  3.237390 -0.085167  0.776517  0.467750   \n",
       "3 -3.263632  0.826688 -2.074722  2.497054 -0.328677  0.990452 -1.102489   \n",
       "4 -0.606107  0.014554 -0.040872 -0.000081 -0.648343  1.572000 -1.456013   \n",
       "\n",
       "      f15_2     f16_2     f17_2     f18_2     f19_2     f20_2  \n",
       "0  0.808553 -0.041809  1.093870  0.877329 -0.620618 -0.054487  \n",
       "1  1.403259 -0.234272  0.872294  1.721680  0.033095 -0.622928  \n",
       "2  0.083743 -1.228359 -0.516528  1.130163 -0.203887 -1.435108  \n",
       "3 -0.089151 -1.027206 -0.365526 -0.693162 -0.260947 -1.541318  \n",
