{
 "cells": [
  {
   "cell_type": "code",
   "execution_count": 51,
   "id": "3c23786c",
   "metadata": {},
   "outputs": [],
   "source": [
    "from statsmodels.tsa import arima_process"
   ]
  },
  {
   "cell_type": "markdown",
   "id": "1ec4958a",
   "metadata": {},
   "source": [
    "# Generate tabular data for EHR1"
   ]
  },
  {
   "cell_type": "code",
   "execution_count": 70,
   "id": "4ecbbf5d",
   "metadata": {},
   "outputs": [],
   "source": [
    "import numpy as np\n",
    "from sklearn import datasets\n",
    "arparams = np.array([.75, -.25])\n",
    "maparams = np.array([.65, .35])\n",
    "ar = np.r_[1, -arparams] # add zero-lag and negate\n",
    "ma = np.r_[1, maparams] # add zero-lag\n",
    "mean = np.zeros(20)\n",
    "cov1 = datasets.make_spd_matrix(20) # 20 temporal generated features\n",
    "rand_gen1 = lambda size: np.random.multivariate_normal(mean, cov1, size)\n"
   ]
  },
  {
   "cell_type": "code",
   "execution_count": 71,
   "id": "b37011c0",
   "metadata": {
    "scrolled": true
   },
   "outputs": [
    {
     "data": {
      "text/plain": [
       "(1000, 24, 20)"
      ]
     },
     "execution_count": 71,
     "metadata": {},
     "output_type": "execute_result"
    }
   ],
   "source": [
    "a = arima_process.arma_generate_sample(ar, ma, nsample=(1000,24), distrvs=rand_gen1,  axis = 1) # 1000: num_of_patients, 24: time stamps(axis=1), 20: num_temporal_features\n",
    "a.shape"
   ]
  },
  {
   "cell_type": "code",
   "execution_count": 72,
   "id": "98b601e0",
   "metadata": {},
   "outputs": [
    {
     "data": {
      "text/plain": [
       "(24000, 20)"
      ]
     },
     "execution_count": 72,
     "metadata": {},
     "output_type": "execute_result"
    }
   ],
   "source": [
    "import pandas as pd\n",
    "gen_rec1 = a.reshape([-1, 20])\n",
    "gen_rec1.shape"
   ]
  },
  {
   "cell_type": "code",
   "execution_count": 80,
   "id": "610368c4",
   "metadata": {
    "scrolled": false
   },
   "outputs": [
    {
     "data": {
      "text/html": [
       "<div>\n",
       "<style scoped>\n",
       "    .dataframe tbody tr th:only-of-type {\n",
       "        vertical-align: middle;\n",
       "    }\n",
       "\n",
       "    .dataframe tbody tr th {\n",
       "        vertical-align: top;\n",
       "    }\n",
       "\n",
       "    .dataframe thead th {\n",
       "        text-align: right;\n",
       "    }\n",
       "</style>\n",
       "<table border=\"1\" class=\"dataframe\">\n",
       "  <thead>\n",
       "    <tr style=\"text-align: right;\">\n",
       "      <th></th>\n",
       "      <th>f1_1</th>\n",
       "      <th>f2_1</th>\n",
       "      <th>f3_1</th>\n",
       "      <th>f4_1</th>\n",
       "      <th>f5_1</th>\n",
       "      <th>f6_1</th>\n",
       "      <th>f7_1</th>\n",
       "      <th>f8_1</th>\n",
       "      <th>f9_1</th>\n",
       "      <th>f10_1</th>\n",
       "      <th>f11_1</th>\n",
       "      <th>f12_1</th>\n",
       "      <th>f13_1</th>\n",
       "      <th>f14_1</th>\n",
       "      <th>f15_1</th>\n",
       "      <th>f16_1</th>\n",
       "      <th>f17_1</th>\n",
       "      <th>f18_1</th>\n",
       "      <th>f19_1</th>\n",
       "      <th>f20_1</th>\n",
       "    </tr>\n",
       "  </thead>\n",
       "  <tbody>\n",
       "    <tr>\n",
       "      <th>0</th>\n",
       "      <td>-0.840422</td>\n",
       "      <td>-0.338632</td>\n",
       "      <td>1.178922</td>\n",
       "      <td>-1.924007</td>\n",
       "      <td>-0.661440</td>\n",
       "      <td>-0.873859</td>\n",
       "      <td>-0.974348</td>\n",
       "      <td>-0.859009</td>\n",
       "      <td>-1.431437</td>\n",
       "      <td>0.101839</td>\n",
       "      <td>-0.587439</td>\n",
       "      <td>0.312093</td>\n",
       "      <td>-0.518082</td>\n",
       "      <td>-1.496778</td>\n",
       "      <td>-0.755408</td>\n",
       "      <td>-1.311084</td>\n",
       "      <td>-0.755421</td>\n",
       "      <td>-0.549672</td>\n",
       "      <td>0.106381</td>\n",
       "      <td>-1.231574</td>\n",
       "    </tr>\n",
       "    <tr>\n",
       "      <th>1</th>\n",
       "      <td>-3.241019</td>\n",
       "      <td>-0.124774</td>\n",
       "      <td>3.893452</td>\n",
       "      <td>-3.363352</td>\n",
       "      <td>1.632339</td>\n",
       "      <td>-1.237979</td>\n",
       "      <td>-1.319843</td>\n",
       "      <td>-1.389107</td>\n",
       "      <td>-1.591325</td>\n",
       "      <td>-2.723638</td>\n",
       "      <td>0.374224</td>\n",
       "      <td>0.425901</td>\n",
       "      <td>3.157442</td>\n",
       "      <td>-2.096888</td>\n",
       "      <td>0.183080</td>\n",
       "      <td>-0.125965</td>\n",
       "      <td>-2.168468</td>\n",
       "      <td>-0.127933</td>\n",
       "      <td>1.904937</td>\n",
       "      <td>-2.581954</td>\n",
       "    </tr>\n",
       "    <tr>\n",
       "      <th>2</th>\n",
       "      <td>-4.813920</td>\n",
       "      <td>-0.423759</td>\n",
       "      <td>3.251619</td>\n",
       "      <td>-2.008277</td>\n",
       "      <td>2.631923</td>\n",
       "      <td>0.285388</td>\n",
       "      <td>-0.554072</td>\n",
       "      <td>-1.168009</td>\n",
       "      <td>-0.147897</td>\n",
       "      <td>-3.424451</td>\n",
       "      <td>2.444418</td>\n",
       "      <td>1.302666</td>\n",
       "      <td>3.997029</td>\n",
       "      <td>-0.748069</td>\n",
       "      <td>0.480079</td>\n",
       "      <td>0.670827</td>\n",
       "      <td>-1.924665</td>\n",
       "      <td>0.077781</td>\n",
       "      <td>2.816592</td>\n",
       "      <td>-2.709617</td>\n",
       "    </tr>\n",
       "    <tr>\n",
       "      <th>3</th>\n",
       "      <td>-6.069811</td>\n",
       "      <td>0.752596</td>\n",
       "      <td>5.012284</td>\n",
       "      <td>-0.370442</td>\n",
       "      <td>3.332689</td>\n",
       "      <td>3.090875</td>\n",
       "      <td>-0.472466</td>\n",
       "      <td>-1.461261</td>\n",
       "      <td>-1.489538</td>\n",
       "      <td>-4.998702</td>\n",
       "      <td>4.935588</td>\n",
       "      <td>1.638480</td>\n",
       "      <td>5.991513</td>\n",
       "      <td>-3.088585</td>\n",
       "      <td>2.193083</td>\n",
       "      <td>1.847801</td>\n",
       "      <td>-2.397627</td>\n",
       "      <td>0.844389</td>\n",
       "      <td>4.954820</td>\n",
       "      <td>-1.623945</td>\n",
       "    </tr>\n",
       "    <tr>\n",
       "      <th>4</th>\n",
       "      <td>-6.391292</td>\n",
       "      <td>1.021316</td>\n",
       "      <td>8.609588</td>\n",
       "      <td>0.221374</td>\n",
       "      <td>3.838909</td>\n",
       "      <td>4.814243</td>\n",
       "      <td>-1.330250</td>\n",
       "      <td>-1.830572</td>\n",
       "      <td>-1.594011</td>\n",
       "      <td>-6.271085</td>\n",
       "      <td>6.225685</td>\n",
       "      <td>1.629762</td>\n",
       "      <td>8.371882</td>\n",
       "      <td>-4.696414</td>\n",
       "      <td>4.272145</td>\n",
       "      <td>3.273785</td>\n",
       "      <td>-3.472294</td>\n",
       "      <td>2.497964</td>\n",
       "      <td>5.729273</td>\n",
       "      <td>-0.990439</td>\n",
       "    </tr>\n",
       "  </tbody>\n",
       "</table>\n",
       "</div>"
      ],
      "text/plain": [
       "       f1_1      f2_1      f3_1      f4_1      f5_1      f6_1      f7_1  \\\n",
       "0 -0.840422 -0.338632  1.178922 -1.924007 -0.661440 -0.873859 -0.974348   \n",
       "1 -3.241019 -0.124774  3.893452 -3.363352  1.632339 -1.237979 -1.319843   \n",
       "2 -4.813920 -0.423759  3.251619 -2.008277  2.631923  0.285388 -0.554072   \n",
       "3 -6.069811  0.752596  5.012284 -0.370442  3.332689  3.090875 -0.472466   \n",
       "4 -6.391292  1.021316  8.609588  0.221374  3.838909  4.814243 -1.330250   \n",
       "\n",
       "       f8_1      f9_1     f10_1     f11_1     f12_1     f13_1     f14_1  \\\n",
       "0 -0.859009 -1.431437  0.101839 -0.587439  0.312093 -0.518082 -1.496778   \n",
       "1 -1.389107 -1.591325 -2.723638  0.374224  0.425901  3.157442 -2.096888   \n",
       "2 -1.168009 -0.147897 -3.424451  2.444418  1.302666  3.997029 -0.748069   \n",
       "3 -1.461261 -1.489538 -4.998702  4.935588  1.638480  5.991513 -3.088585   \n",
       "4 -1.830572 -1.594011 -6.271085  6.225685  1.629762  8.371882 -4.696414   \n",
       "\n",
       "      f15_1     f16_1     f17_1     f18_1     f19_1     f20_1  \n",
       "0 -0.755408 -1.311084 -0.755421 -0.549672  0.106381 -1.231574  \n",
       "1  0.183080 -0.125965 -2.168468 -0.127933  1.904937 -2.581954  \n",
       "2  0.480079  0.670827 -1.924665  0.077781  2.816592 -2.709617  \n",
       "3  2.193083  1.847801 -2.397627  0.844389  4.954820 -1.623945  \n",
       "4  4.272145  3.273785 -3.472294  2.497964  5.729273 -0.990439  "
      ]
     },
     "execution_count": 80,
     "metadata": {},
     "output_type": "execute_result"
    }
   ],
   "source": [
    "rec_df_1 = pd.DataFrame(gen_rec1, columns=[\"f\"+ str(i) + \"_1\" for i in range(1, 21)])\n",
    "rec_df_1.head()"
   ]
  },
  {
   "cell_type": "code",
   "execution_count": 74,
   "id": "4acb2f04",
   "metadata": {},
   "outputs": [
    {
     "data": {
      "text/plain": [
       "(24000, 20)"
      ]
     },
     "execution_count": 74,
     "metadata": {},
     "output_type": "execute_result"
    }
   ],
   "source": [
    "rec_df_1.shape"
   ]
  },
  {
   "cell_type": "code",
   "execution_count": 92,
   "id": "a38f8fad",
   "metadata": {},
   "outputs": [
    {
     "data": {
      "text/html": [
       "<div>\n",
       "<style scoped>\n",
       "    .dataframe tbody tr th:only-of-type {\n",
       "        vertical-align: middle;\n",
       "    }\n",
       "\n",
       "    .dataframe tbody tr th {\n",
       "        vertical-align: top;\n",
       "    }\n",
       "\n",
       "    .dataframe thead th {\n",
       "        text-align: right;\n",
       "    }\n",
       "</style>\n",
       "<table border=\"1\" class=\"dataframe\">\n",
       "  <thead>\n",
       "    <tr style=\"text-align: right;\">\n",
       "      <th></th>\n",
       "      <th>f1_1</th>\n",
       "      <th>f2_1</th>\n",
       "      <th>f3_1</th>\n",
       "      <th>f4_1</th>\n",
       "      <th>f5_1</th>\n",
       "      <th>f6_1</th>\n",
       "      <th>f7_1</th>\n",
       "      <th>f8_1</th>\n",
       "      <th>f9_1</th>\n",
       "      <th>f10_1</th>\n",
       "      <th>f11_1</th>\n",
       "      <th>f12_1</th>\n",
       "      <th>f13_1</th>\n",
       "      <th>f14_1</th>\n",
       "      <th>f15_1</th>\n",
       "      <th>f16_1</th>\n",
       "      <th>f17_1</th>\n",
       "      <th>f18_1</th>\n",
       "      <th>f19_1</th>\n",
       "      <th>f20_1</th>\n",
       "    </tr>\n",
       "  </thead>\n",
       "  <tbody>\n",
       "    <tr>\n",
       "      <th>f1_1</th>\n",
       "      <td>1.000000</td>\n",
       "      <td>-0.488214</td>\n",
       "      <td>-0.755363</td>\n",
       "      <td>0.559206</td>\n",
       "      <td>-0.764795</td>\n",
       "      <td>-0.354246</td>\n",
       "      <td>0.443802</td>\n",
       "      <td>0.424809</td>\n",
       "      <td>0.463789</td>\n",
       "      <td>0.775860</td>\n",
       "      <td>-0.775834</td>\n",
       "      <td>-0.324483</td>\n",
       "      <td>-0.846397</td>\n",
       "      <td>0.585250</td>\n",
       "      <td>-0.655084</td>\n",
       "      <td>-0.726024</td>\n",
       "      <td>0.686821</td>\n",
       "      <td>-0.423056</td>\n",
       "      <td>-0.804168</td>\n",
       "      <td>0.394353</td>\n",
       "    </tr>\n",
       "    <tr>\n",
       "      <th>f2_1</th>\n",
       "      <td>-0.488214</td>\n",
       "      <td>1.000000</td>\n",
       "      <td>0.502098</td>\n",
       "      <td>-0.459416</td>\n",
       "      <td>0.509507</td>\n",
       "      <td>0.059928</td>\n",
       "      <td>-0.067458</td>\n",
       "      <td>-0.126846</td>\n",
       "      <td>-0.424324</td>\n",
       "      <td>-0.345136</td>\n",
       "      <td>0.446139</td>\n",
       "      <td>0.096457</td>\n",
       "      <td>0.512093</td>\n",
       "      <td>-0.401712</td>\n",
       "      <td>0.432835</td>\n",
       "      <td>0.491262</td>\n",
       "      <td>-0.283587</td>\n",
       "      <td>0.447815</td>\n",
       "      <td>0.545396</td>\n",
       "      <td>-0.021924</td>\n",
       "    </tr>\n",
       "    <tr>\n",
       "      <th>f3_1</th>\n",
       "      <td>-0.755363</td>\n",
       "      <td>0.502098</td>\n",
       "      <td>1.000000</td>\n",
       "      <td>-0.635936</td>\n",
       "      <td>0.764332</td>\n",
       "      <td>0.452259</td>\n",
       "      <td>-0.208274</td>\n",
       "      <td>-0.225426</td>\n",
       "      <td>-0.464398</td>\n",
       "      <td>-0.787679</td>\n",
       "      <td>0.778694</td>\n",
       "      <td>0.327624</td>\n",
       "      <td>0.911098</td>\n",
       "      <td>-0.712870</td>\n",
       "      <td>0.688799</td>\n",
       "      <td>0.706820</td>\n",
       "      <td>-0.722968</td>\n",
       "      <td>0.446585</td>\n",
       "      <td>0.824721</td>\n",
       "      <td>-0.295472</td>\n",
       "    </tr>\n",
       "    <tr>\n",
       "      <th>f4_1</th>\n",
       "      <td>0.559206</td>\n",
       "      <td>-0.459416</td>\n",
       "      <td>-0.635936</td>\n",
       "      <td>1.000000</td>\n",
       "      <td>-0.619742</td>\n",
       "      <td>-0.097204</td>\n",
       "      <td>0.298055</td>\n",
       "      <td>0.080992</td>\n",
       "      <td>0.407057</td>\n",
       "      <td>0.567501</td>\n",
       "      <td>-0.447668</td>\n",
       "      <td>-0.222412</td>\n",
       "      <td>-0.618486</td>\n",
       "      <td>0.496962</td>\n",
       "      <td>-0.438454</td>\n",
       "      <td>-0.513389</td>\n",
       "      <td>0.452567</td>\n",
       "      <td>-0.392061</td>\n",
       "      <td>-0.542766</td>\n",
       "      <td>0.296220</td>\n",
       "    </tr>\n",
       "    <tr>\n",
       "      <th>f5_1</th>\n",
       "      <td>-0.764795</td>\n",
       "      <td>0.509507</td>\n",
       "      <td>0.764332</td>\n",
       "      <td>-0.619742</td>\n",
       "      <td>1.000000</td>\n",
       "      <td>0.313938</td>\n",
       "      <td>-0.307768</td>\n",
       "      <td>-0.084558</td>\n",
       "      <td>-0.441858</td>\n",
       "      <td>-0.811253</td>\n",
       "      <td>0.791935</td>\n",
       "      <td>0.394127</td>\n",
       "      <td>0.857889</td>\n",
       "      <td>-0.580544</td>\n",
       "      <td>0.642145</td>\n",
       "      <td>0.712139</td>\n",
       "      <td>-0.649868</td>\n",
       "      <td>0.336680</td>\n",
       "      <td>0.746679</td>\n",
       "      <td>-0.274325</td>\n",
       "    </tr>\n",
       "    <tr>\n",
       "      <th>f6_1</th>\n",
       "      <td>-0.354246</td>\n",
       "      <td>0.059928</td>\n",
       "      <td>0.452259</td>\n",
       "      <td>-0.097204</td>\n",
       "      <td>0.313938</td>\n",
       "      <td>1.000000</td>\n",
       "      <td>-0.298249</td>\n",
       "      <td>-0.080848</td>\n",
       "      <td>-0.202060</td>\n",
       "      <td>-0.319403</td>\n",
       "      <td>0.431048</td>\n",
       "      <td>0.230002</td>\n",
       "      <td>0.431690</td>\n",
       "      <td>-0.360514</td>\n",
       "      <td>0.312705</td>\n",
       "      <td>0.403818</td>\n",
       "      <td>-0.414110</td>\n",
       "      <td>0.419139</td>\n",
       "      <td>0.338381</td>\n",
       "      <td>0.121181</td>\n",
       "    </tr>\n",
       "    <tr>\n",
       "      <th>f7_1</th>\n",
       "      <td>0.443802</td>\n",
       "      <td>-0.067458</td>\n",
       "      <td>-0.208274</td>\n",
       "      <td>0.298055</td>\n",
       "      <td>-0.307768</td>\n",
       "      <td>-0.298249</td>\n",
       "      <td>1.000000</td>\n",
       "      <td>0.102198</td>\n",
       "      <td>0.149674</td>\n",
       "      <td>0.225787</td>\n",
       "      <td>-0.186815</td>\n",
       "      <td>-0.129340</td>\n",
       "      <td>-0.275726</td>\n",
       "      <td>0.190500</td>\n",
       "      <td>-0.286997</td>\n",
       "      <td>-0.199262</td>\n",
       "      <td>0.185023</td>\n",
       "      <td>-0.312860</td>\n",
       "      <td>-0.187608</td>\n",
       "      <td>0.210622</td>\n",
       "    </tr>\n",
       "    <tr>\n",
       "      <th>f8_1</th>\n",
       "      <td>0.424809</td>\n",
       "      <td>-0.126846</td>\n",
       "      <td>-0.225426</td>\n",
       "      <td>0.080992</td>\n",
       "      <td>-0.084558</td>\n",
       "      <td>-0.080848</td>\n",
       "      <td>0.102198</td>\n",
       "      <td>1.000000</td>\n",
       "      <td>0.368786</td>\n",
       "      <td>0.275146</td>\n",
       "      <td>-0.180208</td>\n",
       "      <td>0.079953</td>\n",
       "      <td>-0.317500</td>\n",
       "      <td>0.232967</td>\n",
       "      <td>-0.156092</td>\n",
       "      <td>-0.098715</td>\n",
       "      <td>0.282820</td>\n",
       "      <td>-0.256807</td>\n",
       "      <td>-0.417129</td>\n",
       "      <td>-0.148816</td>\n",
       "    </tr>\n",
       "    <tr>\n",
       "      <th>f9_1</th>\n",
       "      <td>0.463789</td>\n",
       "      <td>-0.424324</td>\n",
       "      <td>-0.464398</td>\n",
       "      <td>0.407057</td>\n",
       "      <td>-0.441858</td>\n",
       "      <td>-0.202060</td>\n",
       "      <td>0.149674</td>\n",
       "      <td>0.368786</td>\n",
       "      <td>1.000000</td>\n",
       "      <td>0.490433</td>\n",
       "      <td>-0.414425</td>\n",
       "      <td>-0.280357</td>\n",
       "      <td>-0.556221</td>\n",
       "      <td>0.508404</td>\n",
       "      <td>-0.407312</td>\n",
       "      <td>-0.530753</td>\n",
       "      <td>0.464033</td>\n",
       "      <td>-0.089645</td>\n",
       "      <td>-0.502571</td>\n",
       "      <td>-0.055680</td>\n",
       "    </tr>\n",
       "    <tr>\n",
       "      <th>f10_1</th>\n",
       "      <td>0.775860</td>\n",
       "      <td>-0.345136</td>\n",
       "      <td>-0.787679</td>\n",
       "      <td>0.567501</td>\n",
       "      <td>-0.811253</td>\n",
       "      <td>-0.319403</td>\n",
       "      <td>0.225787</td>\n",
       "      <td>0.275146</td>\n",
       "      <td>0.490433</td>\n",
       "      <td>1.000000</td>\n",
       "      <td>-0.805216</td>\n",
       "      <td>-0.203841</td>\n",
       "      <td>-0.864249</td>\n",
       "      <td>0.643703</td>\n",
       "      <td>-0.727940</td>\n",
       "      <td>-0.765608</td>\n",
       "      <td>0.783536</td>\n",
       "      <td>-0.325159</td>\n",
       "      <td>-0.770999</td>\n",
       "      <td>0.234853</td>\n",
       "    </tr>\n",
       "    <tr>\n",
       "      <th>f11_1</th>\n",
       "      <td>-0.775834</td>\n",
       "      <td>0.446139</td>\n",
       "      <td>0.778694</td>\n",
       "      <td>-0.447668</td>\n",
       "      <td>0.791935</td>\n",
       "      <td>0.431048</td>\n",
       "      <td>-0.186815</td>\n",
       "      <td>-0.180208</td>\n",
       "      <td>-0.414425</td>\n",
       "      <td>-0.805216</td>\n",
       "      <td>1.000000</td>\n",
       "      <td>0.246755</td>\n",
       "      <td>0.819987</td>\n",
       "      <td>-0.524386</td>\n",
       "      <td>0.632931</td>\n",
       "      <td>0.713308</td>\n",
       "      <td>-0.597618</td>\n",
       "      <td>0.319373</td>\n",
       "      <td>0.767501</td>\n",
       "      <td>-0.279745</td>\n",
       "    </tr>\n",
       "    <tr>\n",
       "      <th>f12_1</th>\n",
       "      <td>-0.324483</td>\n",
       "      <td>0.096457</td>\n",
       "      <td>0.327624</td>\n",
       "      <td>-0.222412</td>\n",
       "      <td>0.394127</td>\n",
       "      <td>0.230002</td>\n",
       "      <td>-0.129340</td>\n",
       "      <td>0.079953</td>\n",
       "      <td>-0.280357</td>\n",
       "      <td>-0.203841</td>\n",
       "      <td>0.246755</td>\n",
       "      <td>1.000000</td>\n",
       "      <td>0.364965</td>\n",
       "      <td>-0.287630</td>\n",
       "      <td>0.411795</td>\n",
       "      <td>0.278807</td>\n",
       "      <td>-0.334486</td>\n",
       "      <td>0.122658</td>\n",
       "      <td>0.331214</td>\n",
       "      <td>-0.263563</td>\n",
       "    </tr>\n",
       "    <tr>\n",
       "      <th>f13_1</th>\n",
       "      <td>-0.846397</td>\n",
       "      <td>0.512093</td>\n",
       "      <td>0.911098</td>\n",
       "      <td>-0.618486</td>\n",
       "      <td>0.857889</td>\n",
       "      <td>0.431690</td>\n",
       "      <td>-0.275726</td>\n",
       "      <td>-0.317500</td>\n",
       "      <td>-0.556221</td>\n",
       "      <td>-0.864249</td>\n",
       "      <td>0.819987</td>\n",
       "      <td>0.364965</td>\n",
       "      <td>1.000000</td>\n",
       "      <td>-0.673415</td>\n",
       "      <td>0.701340</td>\n",
       "      <td>0.784545</td>\n",
       "      <td>-0.726687</td>\n",
       "      <td>0.417051</td>\n",
       "      <td>0.863708</td>\n",
       "      <td>-0.231758</td>\n",
       "    </tr>\n",
       "    <tr>\n",
       "      <th>f14_1</th>\n",
       "      <td>0.585250</td>\n",
       "      <td>-0.401712</td>\n",
       "      <td>-0.712870</td>\n",
       "      <td>0.496962</td>\n",
       "      <td>-0.580544</td>\n",
       "      <td>-0.360514</td>\n",
       "      <td>0.190500</td>\n",
       "      <td>0.232967</td>\n",
       "      <td>0.508404</td>\n",
       "      <td>0.643703</td>\n",
       "      <td>-0.524386</td>\n",
       "      <td>-0.287630</td>\n",
       "      <td>-0.673415</td>\n",
       "      <td>1.000000</td>\n",
       "      <td>-0.631639</td>\n",
       "      <td>-0.540069</td>\n",
       "      <td>0.612967</td>\n",
       "      <td>-0.181357</td>\n",
       "      <td>-0.615165</td>\n",
       "      <td>0.300726</td>\n",
       "    </tr>\n",
       "    <tr>\n",
       "      <th>f15_1</th>\n",
       "      <td>-0.655084</td>\n",
       "      <td>0.432835</td>\n",
       "      <td>0.688799</td>\n",
       "      <td>-0.438454</td>\n",
       "      <td>0.642145</td>\n",
       "      <td>0.312705</td>\n",
       "      <td>-0.286997</td>\n",
       "      <td>-0.156092</td>\n",
       "      <td>-0.407312</td>\n",
       "      <td>-0.727940</td>\n",
       "      <td>0.632931</td>\n",
       "      <td>0.411795</td>\n",
       "      <td>0.701340</td>\n",
       "      <td>-0.631639</td>\n",
       "      <td>1.000000</td>\n",
       "      <td>0.712147</td>\n",
       "      <td>-0.577484</td>\n",
       "      <td>0.478040</td>\n",
       "      <td>0.754281</td>\n",
       "      <td>-0.284683</td>\n",
       "    </tr>\n",
       "    <tr>\n",
       "      <th>f16_1</th>\n",
       "      <td>-0.726024</td>\n",
       "      <td>0.491262</td>\n",
       "      <td>0.706820</td>\n",
       "      <td>-0.513389</td>\n",
       "      <td>0.712139</td>\n",
       "      <td>0.403818</td>\n",
       "      <td>-0.199262</td>\n",
       "      <td>-0.098715</td>\n",
       "      <td>-0.530753</td>\n",
       "      <td>-0.765608</td>\n",
       "      <td>0.713308</td>\n",
       "      <td>0.278807</td>\n",
       "      <td>0.784545</td>\n",
       "      <td>-0.540069</td>\n",
       "      <td>0.712147</td>\n",
       "      <td>1.000000</td>\n",
       "      <td>-0.608321</td>\n",
       "      <td>0.350572</td>\n",
       "      <td>0.724317</td>\n",
       "      <td>-0.202613</td>\n",
       "    </tr>\n",
       "    <tr>\n",
       "      <th>f17_1</th>\n",
       "      <td>0.686821</td>\n",
       "      <td>-0.283587</td>\n",
       "      <td>-0.722968</td>\n",
       "      <td>0.452567</td>\n",
       "      <td>-0.649868</td>\n",
       "      <td>-0.414110</td>\n",
       "      <td>0.185023</td>\n",
       "      <td>0.282820</td>\n",
       "      <td>0.464033</td>\n",
       "      <td>0.783536</td>\n",
       "      <td>-0.597618</td>\n",
       "      <td>-0.334486</td>\n",
       "      <td>-0.726687</td>\n",
       "      <td>0.612967</td>\n",
       "      <td>-0.577484</td>\n",
       "      <td>-0.608321</td>\n",
       "      <td>1.000000</td>\n",
       "      <td>-0.350893</td>\n",
       "      <td>-0.606416</td>\n",
       "      <td>0.176381</td>\n",
       "    </tr>\n",
       "    <tr>\n",
       "      <th>f18_1</th>\n",
       "      <td>-0.423056</td>\n",
       "      <td>0.447815</td>\n",
       "      <td>0.446585</td>\n",
       "      <td>-0.392061</td>\n",
       "      <td>0.336680</td>\n",
       "      <td>0.419139</td>\n",
       "      <td>-0.312860</td>\n",
       "      <td>-0.256807</td>\n",
       "      <td>-0.089645</td>\n",
       "      <td>-0.325159</td>\n",
       "      <td>0.319373</td>\n",
       "      <td>0.122658</td>\n",
       "      <td>0.417051</td>\n",
       "      <td>-0.181357</td>\n",
       "      <td>0.478040</td>\n",
       "      <td>0.350572</td>\n",
       "      <td>-0.350893</td>\n",
       "      <td>1.000000</td>\n",
       "      <td>0.417928</td>\n",
       "      <td>0.126101</td>\n",
       "    </tr>\n",
       "    <tr>\n",
       "      <th>f19_1</th>\n",
       "      <td>-0.804168</td>\n",
       "      <td>0.545396</td>\n",
       "      <td>0.824721</td>\n",
       "      <td>-0.542766</td>\n",
       "      <td>0.746679</td>\n",
       "      <td>0.338381</td>\n",
       "      <td>-0.187608</td>\n",
       "      <td>-0.417129</td>\n",
       "      <td>-0.502571</td>\n",
       "      <td>-0.770999</td>\n",
       "      <td>0.767501</td>\n",
       "      <td>0.331214</td>\n",
       "      <td>0.863708</td>\n",
       "      <td>-0.615165</td>\n",
       "      <td>0.754281</td>\n",
       "      <td>0.724317</td>\n",
       "      <td>-0.606416</td>\n",
       "      <td>0.417928</td>\n",
       "      <td>1.000000</td>\n",
       "      <td>-0.217467</td>\n",
       "    </tr>\n",
       "    <tr>\n",
       "      <th>f20_1</th>\n",
       "      <td>0.394353</td>\n",
       "      <td>-0.021924</td>\n",
       "      <td>-0.295472</td>\n",
       "      <td>0.296220</td>\n",
       "      <td>-0.274325</td>\n",
       "      <td>0.121181</td>\n",
       "      <td>0.210622</td>\n",
       "      <td>-0.148816</td>\n",
       "      <td>-0.055680</td>\n",
       "      <td>0.234853</td>\n",
       "      <td>-0.279745</td>\n",
       "      <td>-0.263563</td>\n",
       "      <td>-0.231758</td>\n",
       "      <td>0.300726</td>\n",
       "      <td>-0.284683</td>\n",
       "      <td>-0.202613</td>\n",
       "      <td>0.176381</td>\n",
       "      <td>0.126101</td>\n",
       "      <td>-0.217467</td>\n",
       "      <td>1.000000</td>\n",
       "    </tr>\n",
       "  </tbody>\n",
       "</table>\n",
       "</div>"
      ],
      "text/plain": [
       "           f1_1      f2_1      f3_1      f4_1      f5_1      f6_1      f7_1  \\\n",
       "f1_1   1.000000 -0.488214 -0.755363  0.559206 -0.764795 -0.354246  0.443802   \n",
       "f2_1  -0.488214  1.000000  0.502098 -0.459416  0.509507  0.059928 -0.067458   \n",
       "f3_1  -0.755363  0.502098  1.000000 -0.635936  0.764332  0.452259 -0.208274   \n",
       "f4_1   0.559206 -0.459416 -0.635936  1.000000 -0.619742 -0.097204  0.298055   \n",
       "f5_1  -0.764795  0.509507  0.764332 -0.619742  1.000000  0.313938 -0.307768   \n",
       "f6_1  -0.354246  0.059928  0.452259 -0.097204  0.313938  1.000000 -0.298249   \n",
       "f7_1   0.443802 -0.067458 -0.208274  0.298055 -0.307768 -0.298249  1.000000   \n",
       "f8_1   0.424809 -0.126846 -0.225426  0.080992 -0.084558 -0.080848  0.102198   \n",
       "f9_1   0.463789 -0.424324 -0.464398  0.407057 -0.441858 -0.202060  0.149674   \n",
       "f10_1  0.775860 -0.345136 -0.787679  0.567501 -0.811253 -0.319403  0.225787   \n",
       "f11_1 -0.775834  0.446139  0.778694 -0.447668  0.791935  0.431048 -0.186815   \n",
       "f12_1 -0.324483  0.096457  0.327624 -0.222412  0.394127  0.230002 -0.129340   \n",
       "f13_1 -0.846397  0.512093  0.911098 -0.618486  0.857889  0.431690 -0.275726   \n",
       "f14_1  0.585250 -0.401712 -0.712870  0.496962 -0.580544 -0.360514  0.190500   \n",
       "f15_1 -0.655084  0.432835  0.688799 -0.438454  0.642145  0.312705 -0.286997   \n",
       "f16_1 -0.726024  0.491262  0.706820 -0.513389  0.712139  0.403818 -0.199262   \n",
       "f17_1  0.686821 -0.283587 -0.722968  0.452567 -0.649868 -0.414110  0.185023   \n",
       "f18_1 -0.423056  0.447815  0.446585 -0.392061  0.336680  0.419139 -0.312860   \n",
       "f19_1 -0.804168  0.545396  0.824721 -0.542766  0.746679  0.338381 -0.187608   \n",
       "f20_1  0.394353 -0.021924 -0.295472  0.296220 -0.274325  0.121181  0.210622   \n",
       "\n",
       "           f8_1      f9_1     f10_1     f11_1     f12_1     f13_1     f14_1  \\\n",
       "f1_1   0.424809  0.463789  0.775860 -0.775834 -0.324483 -0.846397  0.585250   \n",
       "f2_1  -0.126846 -0.424324 -0.345136  0.446139  0.096457  0.512093 -0.401712   \n",
       "f3_1  -0.225426 -0.464398 -0.787679  0.778694  0.327624  0.911098 -0.712870   \n",
       "f4_1   0.080992  0.407057  0.567501 -0.447668 -0.222412 -0.618486  0.496962   \n",
       "f5_1  -0.084558 -0.441858 -0.811253  0.791935  0.394127  0.857889 -0.580544   \n",
       "f6_1  -0.080848 -0.202060 -0.319403  0.431048  0.230002  0.431690 -0.360514   \n",
       "f7_1   0.102198  0.149674  0.225787 -0.186815 -0.129340 -0.275726  0.190500   \n",
       "f8_1   1.000000  0.368786  0.275146 -0.180208  0.079953 -0.317500  0.232967   \n",
       "f9_1   0.368786  1.000000  0.490433 -0.414425 -0.280357 -0.556221  0.508404   \n",
       "f10_1  0.275146  0.490433  1.000000 -0.805216 -0.203841 -0.864249  0.643703   \n",
       "f11_1 -0.180208 -0.414425 -0.805216  1.000000  0.246755  0.819987 -0.524386   \n",
       "f12_1  0.079953 -0.280357 -0.203841  0.246755  1.000000  0.364965 -0.287630   \n",
       "f13_1 -0.317500 -0.556221 -0.864249  0.819987  0.364965  1.000000 -0.673415   \n",
       "f14_1  0.232967  0.508404  0.643703 -0.524386 -0.287630 -0.673415  1.000000   \n",
       "f15_1 -0.156092 -0.407312 -0.727940  0.632931  0.411795  0.701340 -0.631639   \n",
       "f16_1 -0.098715 -0.530753 -0.765608  0.713308  0.278807  0.784545 -0.540069   \n",
       "f17_1  0.282820  0.464033  0.783536 -0.597618 -0.334486 -0.726687  0.612967   \n",
       "f18_1 -0.256807 -0.089645 -0.325159  0.319373  0.122658  0.417051 -0.181357   \n",
       "f19_1 -0.417129 -0.502571 -0.770999  0.767501  0.331214  0.863708 -0.615165   \n",
       "f20_1 -0.148816 -0.055680  0.234853 -0.279745 -0.263563 -0.231758  0.300726   \n",
       "\n",
       "          f15_1     f16_1     f17_1     f18_1     f19_1     f20_1  \n",
       "f1_1  -0.655084 -0.726024  0.686821 -0.423056 -0.804168  0.394353  \n",
       "f2_1   0.432835  0.491262 -0.283587  0.447815  0.545396 -0.021924  \n",
       "f3_1   0.688799  0.706820 -0.722968  0.446585  0.824721 -0.295472  \n",
       "f4_1  -0.438454 -0.513389  0.452567 -0.392061 -0.542766  0.296220  \n",
       "f5_1   0.642145  0.712139 -0.649868  0.336680  0.746679 -0.274325  \n",
       "f6_1   0.312705  0.403818 -0.414110  0.419139  0.338381  0.121181  \n",
       "f7_1  -0.286997 -0.199262  0.185023 -0.312860 -0.187608  0.210622  \n",
       "f8_1  -0.156092 -0.098715  0.282820 -0.256807 -0.417129 -0.148816  \n",
       "f9_1  -0.407312 -0.530753  0.464033 -0.089645 -0.502571 -0.055680  \n",
       "f10_1 -0.727940 -0.765608  0.783536 -0.325159 -0.770999  0.234853  \n",
       "f11_1  0.632931  0.713308 -0.597618  0.319373  0.767501 -0.279745  \n",
       "f12_1  0.411795  0.278807 -0.334486  0.122658  0.331214 -0.263563  \n",
       "f13_1  0.701340  0.784545 -0.726687  0.417051  0.863708 -0.231758  \n",
       "f14_1 -0.631639 -0.540069  0.612967 -0.181357 -0.615165  0.300726  \n",
       "f15_1  1.000000  0.712147 -0.577484  0.478040  0.754281 -0.284683  \n",
       "f16_1  0.712147  1.000000 -0.608321  0.350572  0.724317 -0.202613  \n",
       "f17_1 -0.577484 -0.608321  1.000000 -0.350893 -0.606416  0.176381  \n",
       "f18_1  0.478040  0.350572 -0.350893  1.000000  0.417928  0.126101  \n",
       "f19_1  0.754281  0.724317 -0.606416  0.417928  1.000000 -0.217467  \n",
       "f20_1 -0.284683 -0.202613  0.176381  0.126101 -0.217467  1.000000  "
      ]
     },
     "execution_count": 92,
     "metadata": {},
     "output_type": "execute_result"
    }
   ],
   "source": [
    "rec_df_1.corr()"
   ]
  },
  {
   "cell_type": "markdown",
   "id": "0d75338c",
   "metadata": {},
   "source": [
    "# Generate tabular data for EHR2"
   ]
  },
  {
   "cell_type": "code",
   "execution_count": 76,
   "id": "118a2781",
   "metadata": {},
   "outputs": [],
   "source": [
    "cov2 = datasets.make_spd_matrix(20) # 20 temporal generated features\n",
    "rand_gen2 = lambda size: np.random.multivariate_normal(mean, cov2, size)"
   ]
  },
  {
   "cell_type": "code",
   "execution_count": 77,
   "id": "e97ed21a",
   "metadata": {},
   "outputs": [
    {
     "data": {
      "text/plain": [
       "(1000, 24, 20)"
      ]
     },
     "execution_count": 77,
     "metadata": {},
     "output_type": "execute_result"
    }
   ],
   "source": [
    "b = arima_process.arma_generate_sample(ar, ma, nsample=(1000,24), distrvs=rand_gen2,  axis = 1) # 1000: num_of_patients, 24: time stamps(axis=1), 20: num_temporal_features\n",
    "b.shape"
   ]
  },
  {
   "cell_type": "code",
   "execution_count": 81,
   "id": "f7385253",
   "metadata": {},
   "outputs": [
    {
     "data": {
      "text/html": [
       "<div>\n",
       "<style scoped>\n",
       "    .dataframe tbody tr th:only-of-type {\n",
       "        vertical-align: middle;\n",
       "    }\n",
       "\n",
       "    .dataframe tbody tr th {\n",
       "        vertical-align: top;\n",
       "    }\n",
       "\n",
       "    .dataframe thead th {\n",
       "        text-align: right;\n",
       "    }\n",
       "</style>\n",
       "<table border=\"1\" class=\"dataframe\">\n",
       "  <thead>\n",
       "    <tr style=\"text-align: right;\">\n",
       "      <th></th>\n",
       "      <th>f1_2</th>\n",
       "      <th>f2_2</th>\n",
       "      <th>f3_2</th>\n",
       "      <th>f4_2</th>\n",
       "      <th>f5_2</th>\n",
       "      <th>f6_2</th>\n",
       "      <th>f7_2</th>\n",
       "      <th>f8_2</th>\n",
       "      <th>f9_2</th>\n",
       "      <th>f10_2</th>\n",
       "      <th>f11_2</th>\n",
       "      <th>f12_2</th>\n",
       "      <th>f13_2</th>\n",
       "      <th>f14_2</th>\n",
       "      <th>f15_2</th>\n",
       "      <th>f16_2</th>\n",
       "      <th>f17_2</th>\n",
       "      <th>f18_2</th>\n",
       "      <th>f19_2</th>\n",
       "      <th>f20_2</th>\n",
       "    </tr>\n",
       "  </thead>\n",
       "  <tbody>\n",
       "    <tr>\n",
       "      <th>0</th>\n",
       "      <td>-1.486530</td>\n",
       "      <td>-1.735371</td>\n",
       "      <td>-0.709132</td>\n",
       "      <td>-0.388929</td>\n",
       "      <td>0.238286</td>\n",
       "      <td>-0.603685</td>\n",
       "      <td>0.733215</td>\n",
       "      <td>-1.739769</td>\n",
       "      <td>-1.344454</td>\n",
       "      <td>-0.330450</td>\n",
       "      <td>0.123028</td>\n",
       "      <td>0.339912</td>\n",
       "      <td>-0.031813</td>\n",
       "      <td>-0.130304</td>\n",
       "      <td>-0.560982</td>\n",
       "      <td>-0.790975</td>\n",
       "      <td>0.521079</td>\n",
       "      <td>0.820134</td>\n",
       "      <td>0.057426</td>\n",
       "      <td>-0.972833</td>\n",
       "    </tr>\n",
       "    <tr>\n",
       "      <th>1</th>\n",
       "      <td>-2.003087</td>\n",
       "      <td>-5.354227</td>\n",
       "      <td>1.140326</td>\n",
       "      <td>0.703286</td>\n",
       "      <td>1.120315</td>\n",
       "      <td>-0.204707</td>\n",
       "      <td>0.779312</td>\n",
       "      <td>-4.087600</td>\n",
       "      <td>-4.149811</td>\n",
       "      <td>-0.938381</td>\n",
       "      <td>-1.476428</td>\n",
       "      <td>1.020238</td>\n",
       "      <td>-0.319988</td>\n",
       "      <td>0.873165</td>\n",
       "      <td>-1.184106</td>\n",
       "      <td>-0.752422</td>\n",
       "      <td>-0.155865</td>\n",
       "      <td>4.372600</td>\n",
       "      <td>2.438281</td>\n",
       "      <td>-2.141188</td>\n",
       "    </tr>\n",
       "    <tr>\n",
       "      <th>2</th>\n",
       "      <td>-1.058869</td>\n",
       "      <td>-0.409810</td>\n",
       "      <td>0.782211</td>\n",
       "      <td>-0.079484</td>\n",
       "      <td>1.198269</td>\n",
       "      <td>0.700523</td>\n",
       "      <td>1.181681</td>\n",
       "      <td>-2.339608</td>\n",
       "      <td>-3.564300</td>\n",
       "      <td>-0.439864</td>\n",
       "      <td>-0.769857</td>\n",
       "      <td>0.657289</td>\n",
       "      <td>1.401260</td>\n",
       "      <td>0.479417</td>\n",
       "      <td>-0.096793</td>\n",
       "      <td>-1.081251</td>\n",
       "      <td>0.309226</td>\n",
       "      <td>1.124992</td>\n",
       "      <td>0.678405</td>\n",
       "      <td>0.892001</td>\n",
       "    </tr>\n",
       "    <tr>\n",
       "      <th>3</th>\n",
       "      <td>0.426154</td>\n",
       "      <td>2.935748</td>\n",
       "      <td>0.040550</td>\n",
       "      <td>0.117533</td>\n",
       "      <td>0.327118</td>\n",
       "      <td>0.248592</td>\n",
       "      <td>1.367053</td>\n",
       "      <td>0.441910</td>\n",
       "      <td>-0.826214</td>\n",
       "      <td>-0.418007</td>\n",
       "      <td>0.606105</td>\n",
       "      <td>-0.073970</td>\n",
       "      <td>2.434670</td>\n",
       "      <td>-0.501674</td>\n",
       "      <td>0.674621</td>\n",
       "      <td>-0.765516</td>\n",
       "      <td>0.175467</td>\n",
       "      <td>-2.327669</td>\n",
       "      <td>-0.856474</td>\n",
       "      <td>2.399524</td>\n",
       "    </tr>\n",
       "    <tr>\n",
       "      <th>4</th>\n",
       "      <td>1.147136</td>\n",
       "      <td>2.745584</td>\n",
       "      <td>0.555986</td>\n",
       "      <td>0.762539</td>\n",
       "      <td>-1.117206</td>\n",
       "      <td>0.150818</td>\n",
       "      <td>0.801135</td>\n",
       "      <td>0.288027</td>\n",
       "      <td>2.085497</td>\n",
       "      <td>0.297468</td>\n",
       "      <td>1.212402</td>\n",
       "      <td>-0.840202</td>\n",
       "      <td>2.041846</td>\n",
       "      <td>-0.001440</td>\n",
       "      <td>2.051455</td>\n",
       "      <td>-1.139586</td>\n",
       "      <td>-0.633780</td>\n",
       "      <td>-2.074324</td>\n",
       "      <td>0.642250</td>\n",
       "      <td>0.970508</td>\n",
       "    </tr>\n",
       "  </tbody>\n",
       "</table>\n",
       "</div>"
      ],
      "text/plain": [
       "       f1_2      f2_2      f3_2      f4_2      f5_2      f6_2      f7_2  \\\n",
       "0 -1.486530 -1.735371 -0.709132 -0.388929  0.238286 -0.603685  0.733215   \n",
       "1 -2.003087 -5.354227  1.140326  0.703286  1.120315 -0.204707  0.779312   \n",
       "2 -1.058869 -0.409810  0.782211 -0.079484  1.198269  0.700523  1.181681   \n",
       "3  0.426154  2.935748  0.040550  0.117533  0.327118  0.248592  1.367053   \n",
       "4  1.147136  2.745584  0.555986  0.762539 -1.117206  0.150818  0.801135   \n",
       "\n",
       "       f8_2      f9_2     f10_2     f11_2     f12_2     f13_2     f14_2  \\\n",
